152801	 3855581	 4345542	 1009440	996519	990269	954340	947627	816087	809189	806723	720729	664158	593544	586332	565897	555079	553272	536135	523025	511006	348167	319214	286686	273179	260976	208595	197222	188674	166838	164216	146154	144260	106543	100149	 11136		5364	698164	 1920715	 2034243	 2263183	 2678325	847142	779409	 2963287	 3148512	 3183891	 1136782	646961	 3906666	822879	 4164932	 4314491	 4378332	 4387271	 4397763	 4431405	 4439229	 4448694	 4468812	 4472218
152801	 0.000000	0.240242	0.268506	0.469044	0.467699	0.430013	0.469044	0.481830	0.443472	0.436070	0.471063	0.436070	0.444818	0.458277	0.464334	0.481830	0.462988	0.450875	0.446837	0.471063	0.430686	0.463661	0.446164	0.464334	0.446164	0.471063	0.445491	0.444145	0.446837	0.458277	0.452221	0.451548	0.473755	0.422611	0.442799	0.465680	0.451548	0.437416	0.478466	0.453567	0.442127	0.430686	0.430686	0.442127	0.446837	0.434724	0.431359	0.475774	0.471736	0.437416	0.436070	0.462315	0.434724	0.457604	0.436070	0.458277	0.422611	0.469044	0.466353	0.440108	0.426649
3855581	0.240242	0.000000	0.279273	0.413863	0.410498	0.482503	0.397712	0.410498	0.495962	0.489233	0.411844	0.443472	0.458950	0.488560	0.447510	0.409825	0.452894	0.468371	0.486541	0.426649	0.425303	0.512113	0.436743	0.478466	0.440781	0.442127	0.421265	0.421938	0.438089	0.485195	0.514132	0.506729	0.405787	0.491252	0.502692	0.476447	0.468371	0.493943	0.458277	0.435397	0.462315	0.491252	0.483849	0.484522	0.470390	0.486541	0.469044	0.500000	0.456258	0.482503	0.468371	0.403096	0.489906	0.422611	0.427322	0.446164	0.482503	0.502692	0.449529	0.485868	0.494616
4345542	0.268506	0.279273	0.000000	0.439435	0.437416	0.450875	0.434724	0.444818	0.469717	0.455585	0.439435	0.416555	0.426649	0.464334	0.426649	0.462315	0.425976	0.422611	0.461642	0.457604	0.442127	0.467699	0.444818	0.445491	0.446164	0.434724	0.442127	0.446164	0.440781	0.460969	0.480485	0.471736	0.454240	0.447510	0.472409	0.440108	0.432032	0.448183	0.427995	0.453567	0.422611	0.446164	0.448183	0.450875	0.429341	0.458277	0.427322	0.456931	0.448183	0.468371	0.448183	0.435397	0.456258	0.415209	0.419919	0.448856	0.441454	0.465680	0.465007	0.460969	0.453567
1009440	0.469044	0.413863	0.439435	0.000000	0.213997	0.215343	0.158143	0.141992	0.300135	0.263122	0.140646	0.221400	0.248318	0.207941	0.197847	0.175639	0.197847	0.200538	0.246299	0.183042	0.164199	0.244953	0.160834	0.232840	0.168237	0.195155	0.193809	0.168910	0.160834	0.228129	0.257739	0.244280	0.162180	0.169583	0.244280	0.211306	0.134590	0.226110	0.236205	0.222073	0.205249	0.241588	0.233513	0.199192	0.223419	0.179677	0.217362	0.269852	0.189771	0.283984	0.257066	0.134590	0.255047	0.155451	0.140646	0.166218	0.264468	0.251682	0.237550	0.220054	0.216016
996519	 0.467699	0.410498	0.437416	0.213997	0.000000	0.270525	0.213324	0.213997	0.263795	0.232167	0.187752	0.263795	0.200538	0.271871	0.231494	0.226783	0.227456	0.259758	0.300135	0.243607	0.201211	0.290713	0.216689	0.253028	0.209960	0.231494	0.168910	0.207941	0.217362	0.279273	0.292059	0.300135	0.218035	0.267160	0.292059	0.248318	0.242261	0.283984	0.246972	0.182369	0.246299	0.286676	0.273890	0.254374	0.251009	0.261777	0.267160	0.298116	0.233513	0.230821	0.220054	0.213997	0.256393	0.194482	0.204576	0.218708	0.224764	0.289367	0.203903	0.279273	0.270525
990269	 0.430013	0.482503	0.450875	0.215343	0.270525	0.000000	0.222746	0.197174	0.251682	0.207941	0.210633	0.187752	0.230148	0.163526	0.229475	0.250336	0.199192	0.183042	0.162180	0.236878	0.200538	0.179677	0.206595	0.193809	0.210633	0.207941	0.245626	0.211978	0.209960	0.196501	0.187079	0.166891	0.240915	0.150740	0.182369	0.197847	0.171602	0.135935	0.251682	0.277927	0.185061	0.167564	0.166891	0.144011	0.199865	0.148048	0.167564	0.223419	0.220054	0.230821	0.213997	0.228129	0.198520	0.212651	0.171602	0.158816	0.207941	0.193809	0.281965	0.167564	0.154105
954340	 0.469044	0.397712	0.434724	0.158143	0.213324	0.222746	0.000000	0.150067	0.298116	0.281965	0.177658	0.211306	0.249664	0.242934	0.213997	0.177658	0.211978	0.212651	0.244280	0.188425	0.173620	0.274563	0.181023	0.248318	0.186406	0.218708	0.201884	0.179677	0.183042	0.251009	0.267833	0.263795	0.160162	0.236878	0.267160	0.248991	0.211306	0.228802	0.238896	0.231494	0.215343	0.234859	0.246972	0.219381	0.233513	0.234859	0.216689	0.273890	0.220054	0.280619	0.263795	0.146030	0.263122	0.174293	0.172275	0.190444	0.269179	0.209287	0.243607	0.259085	0.245626
947627	 0.481830	0.410498	0.444818	0.141992	0.213997	0.197174	0.150067	0.000000	0.307537	0.279946	0.148721	0.226783	0.247645	0.232167	0.209960	0.169583	0.200538	0.203903	0.244953	0.185061	0.172948	0.263795	0.185734	0.233513	0.186406	0.181023	0.201211	0.181023	0.183715	0.247645	0.275236	0.251682	0.152759	0.226783	0.256393	0.228129	0.203230	0.233513	0.234186	0.235532	0.209287	0.257066	0.251009	0.205922	0.225437	0.231494	0.220054	0.285330	0.205922	0.281292	0.254374	0.153432	0.261104	0.160162	0.162180	0.162180	0.272544	0.246299	0.251009	0.254374	0.241588
816087	 0.443472	0.495962	0.469717	0.300135	0.263795	0.251682	0.298116	0.307537	0.000000	0.203903	0.283311	0.271871	0.218708	0.274563	0.288022	0.321669	0.300808	0.281965	0.242934	0.302153	0.265141	0.268506	0.270525	0.288022	0.270525	0.312248	0.242934	0.280619	0.274563	0.272544	0.269179	0.270525	0.305518	0.246972	0.259085	0.273217	0.273890	0.254374	0.318304	0.226110	0.266487	0.256393	0.242934	0.258412	0.281292	0.240242	0.268506	0.300135	0.295424	0.161507	0.214670	0.302826	0.215343	0.303499	0.266487	0.276581	0.210633	0.295424	0.157470	0.250336	0.240915
809189	 0.436070	0.489233	0.455585	0.263122	0.232167	0.207941	0.281965	0.279946	0.203903	0.000000	0.252355	0.236878	0.171602	0.234186	0.274563	0.295424	0.265814	0.248991	0.217362	0.277927	0.236878	0.225437	0.238896	0.257066	0.239569	0.263122	0.193809	0.248991	0.237550	0.230821	0.242934	0.238223	0.281292	0.207268	0.216689	0.230821	0.230148	0.221400	0.269852	0.224092	0.233513	0.229475	0.211978	0.203903	0.253701	0.191117	0.254374	0.288022	0.265141	0.168237	0.180350	0.274563	0.186406	0.279273	0.232840	0.242261	0.115747	0.267833	0.246299	0.213997	0.206595
806723	 0.471063	0.411844	0.439435	0.140646	0.187752	0.210633	0.177658	0.148721	0.283311	0.252355	0.000000	0.221400	0.224764	0.162180	0.198520	0.182369	0.198520	0.208614	0.243607	0.179677	0.172275	0.218035	0.170929	0.179004	0.174293	0.189098	0.185734	0.163526	0.168910	0.199192	0.265141	0.240242	0.172275	0.205249	0.207268	0.211306	0.179677	0.230148	0.222073	0.216016	0.198520	0.234859	0.230821	0.163526	0.222746	0.184388	0.227456	0.275908	0.176312	0.264468	0.238223	0.160834	0.253028	0.156797	0.107672	0.156797	0.243607	0.255720	0.235532	0.204576	0.220727
720729	 0.436070	0.443472	0.416555	0.221400	0.263795	0.187752	0.211306	0.226783	0.271871	0.236878	0.221400	0.000000	0.211978	0.202557	0.213997	0.225437	0.195155	0.173620	0.208614	0.252355	0.213997	0.238896	0.228129	0.213997	0.230148	0.236878	0.251009	0.235532	0.233513	0.204576	0.232840	0.213324	0.216016	0.195828	0.207268	0.210633	0.177658	0.187079	0.249664	0.275236	0.183042	0.212651	0.195828	0.185061	0.181696	0.207268	0.179677	0.244953	0.216689	0.248991	0.228802	0.205249	0.221400	0.207268	0.187079	0.220727	0.241588	0.203903	0.277927	0.209287	0.200538
664158	 0.444818	0.458950	0.426649	0.248318	0.200538	0.230148	0.249664	0.247645	0.218708	0.171602	0.224764	0.211978	0.000000	0.226783	0.236878	0.260431	0.218708	0.209960	0.236878	0.276581	0.228802	0.235532	0.234859	0.213324	0.231494	0.243607	0.152759	0.242934	0.220727	0.226110	0.253701	0.248991	0.243607	0.231494	0.240915	0.196501	0.205922	0.230821	0.239569	0.221400	0.193136	0.230148	0.224764	0.215343	0.207941	0.222073	0.222073	0.271198	0.236878	0.185061	0.162853	0.234186	0.211306	0.232840	0.214670	0.229475	0.163526	0.259085	0.247645	0.231494	0.215343
593544	 0.458277	0.488560	0.464334	0.207941	0.271871	0.163526	0.242934	0.232167	0.274563	0.234186	0.162180	0.202557	0.226783	0.000000	0.234859	0.262450	0.215343	0.192463	0.206595	0.267833	0.231494	0.170256	0.224092	0.151413	0.237550	0.239569	0.255720	0.241588	0.224764	0.124495	0.176985	0.170929	0.242934	0.163526	0.152086	0.206595	0.150740	0.176312	0.259085	0.288022	0.199865	0.209960	0.195828	0.106999	0.202557	0.153432	0.183042	0.236878	0.185061	0.249664	0.206595	0.232840	0.223419	0.226783	0.101615	0.207941	0.219381	0.172948	0.309556	0.152759	0.187079
586332	 0.464334	0.447510	0.426649	0.197847	0.231494	0.229475	0.213997	0.209960	0.288022	0.274563	0.198520	0.213997	0.236878	0.234859	0.000000	0.226110	0.152759	0.169583	0.247645	0.222073	0.171602	0.265141	0.185061	0.203903	0.184388	0.155451	0.251009	0.190444	0.191117	0.248318	0.229475	0.202557	0.214670	0.231494	0.261104	0.226110	0.199865	0.197847	0.209960	0.263122	0.129206	0.259758	0.199192	0.224092	0.161507	0.218708	0.171602	0.176312	0.168237	0.269852	0.250336	0.177658	0.234186	0.146030	0.189771	0.205249	0.269179	0.217362	0.271198	0.256393	0.179004
565897	 0.481830	0.409825	0.462315	0.175639	0.226783	0.250336	0.177658	0.169583	0.321669	0.295424	0.182369	0.225437	0.260431	0.262450	0.226110	0.000000	0.218035	0.228802	0.257739	0.188425	0.175639	0.281292	0.190444	0.257066	0.192463	0.231494	0.222746	0.189098	0.184388	0.267160	0.287349	0.273217	0.081427	0.257739	0.277927	0.235532	0.229475	0.238223	0.257066	0.248991	0.229475	0.278600	0.259085	0.243607	0.233513	0.257066	0.241588	0.298116	0.228802	0.288694	0.279946	0.151413	0.259758	0.191790	0.191790	0.201211	0.289367	0.280619	0.258412	0.265814	0.247645
555079	 0.462988	0.452894	0.425976	0.197847	0.227456	0.199192	0.211978	0.200538	0.300808	0.265814	0.198520	0.195155	0.218708	0.215343	0.152759	0.218035	0.000000	0.066622	0.228802	0.185734	0.172275	0.240915	0.183715	0.187752	0.178331	0.181023	0.239569	0.193136	0.183042	0.226110	0.210633	0.150067	0.203903	0.199865	0.232167	0.198520	0.180350	0.174966	0.194482	0.278600	0.146703	0.220054	0.194482	0.198520	0.151413	0.198520	0.148721	0.202557	0.170256	0.265141	0.229475	0.156124	0.244280	0.109690	0.179004	0.182369	0.248318	0.197174	0.281292	0.228129	0.175639
553272	 0.450875	0.468371	0.422611	0.200538	0.259758	0.183042	0.212651	0.203903	0.281965	0.248991	0.208614	0.173620	0.209960	0.192463	0.169583	0.228802	0.066622	0.000000	0.209287	0.188425	0.179677	0.224092	0.189771	0.193809	0.189098	0.212651	0.251682	0.203903	0.193136	0.203230	0.191790	0.121131	0.213324	0.185061	0.212651	0.189098	0.157470	0.146030	0.225437	0.279946	0.127187	0.203230	0.175639	0.179677	0.154105	0.183715	0.144684	0.200538	0.201884	0.255047	0.213324	0.164872	0.220054	0.129206	0.188425	0.197174	0.232840	0.197174	0.284657	0.211978	0.145357
536135	 0.446837	0.486541	0.461642	0.246299	0.300135	0.162180	0.244280	0.244953	0.242934	0.217362	0.243607	0.208614	0.236878	0.206595	0.247645	0.257739	0.228802	0.209287	0.000000	0.250336	0.218708	0.202557	0.224092	0.222746	0.232840	0.263122	0.264468	0.231494	0.221400	0.218035	0.216016	0.202557	0.240915	0.173620	0.199865	0.226783	0.214670	0.167564	0.267160	0.280619	0.212651	0.187079	0.185061	0.188425	0.224764	0.174293	0.181696	0.253028	0.244953	0.231494	0.220727	0.242261	0.202557	0.250336	0.204576	0.211978	0.226110	0.216689	0.285330	0.193136	0.188425
523025	 0.471063	0.426649	0.457604	0.183042	0.243607	0.236878	0.188425	0.185061	0.302153	0.277927	0.179677	0.252355	0.276581	0.267833	0.222073	0.188425	0.185734	0.188425	0.250336	0.000000	0.155451	0.270525	0.164199	0.269852	0.163526	0.231494	0.201211	0.152759	0.160834	0.279946	0.252355	0.203230	0.181023	0.244280	0.267833	0.261104	0.232840	0.228129	0.261104	0.226110	0.215343	0.246299	0.231494	0.229475	0.242934	0.236205	0.236205	0.292732	0.239569	0.267160	0.279273	0.157470	0.250336	0.135262	0.192463	0.185061	0.264468	0.296097	0.249664	0.246972	0.211306
511006	 0.430686	0.425303	0.442127	0.164199	0.201211	0.200538	0.173620	0.172948	0.265141	0.236878	0.172275	0.213997	0.228802	0.231494	0.171602	0.175639	0.172275	0.179677	0.218708	0.155451	0.000000	0.246299	0.104980	0.240915	0.107672	0.192463	0.172948	0.119785	0.102961	0.244953	0.205249	0.199865	0.160834	0.201211	0.237550	0.236878	0.206595	0.184388	0.241588	0.193136	0.164872	0.216689	0.152759	0.193136	0.189098	0.202557	0.201884	0.247645	0.204576	0.244280	0.246972	0.120458	0.189098	0.136608	0.156797	0.155451	0.240242	0.252355	0.207941	0.218035	0.164199
348167	 0.463661	0.512113	0.467699	0.244953	0.290713	0.179677	0.274563	0.263795	0.268506	0.225437	0.218035	0.238896	0.235532	0.170256	0.265141	0.281292	0.240915	0.224092	0.202557	0.270525	0.246299	0.000000	0.239569	0.188425	0.245626	0.257739	0.257066	0.248991	0.243607	0.176312	0.223419	0.206595	0.277927	0.181023	0.169583	0.222746	0.198520	0.197174	0.281292	0.286003	0.222746	0.216689	0.202557	0.144684	0.251009	0.173620	0.224764	0.271198	0.217362	0.246972	0.237550	0.268506	0.221400	0.249664	0.191117	0.223419	0.200538	0.245626	0.300808	0.152086	0.203230
319214	 0.446164	0.436743	0.444818	0.160834	0.216689	0.206595	0.181023	0.185734	0.270525	0.238896	0.170929	0.228129	0.234859	0.224092	0.185061	0.190444	0.183715	0.189771	0.224092	0.164199	0.104980	0.239569	0.000000	0.229475	0.045760	0.189098	0.180350	0.074024	0.042396	0.241588	0.164199	0.218708	0.169583	0.205249	0.230148	0.228802	0.197847	0.201211	0.234859	0.197847	0.184388	0.230821	0.197847	0.190444	0.207268	0.209960	0.219381	0.269179	0.204576	0.251682	0.249664	0.141319	0.202557	0.156124	0.149394	0.150067	0.226110	0.255720	0.196501	0.217362	0.181696
286686	 0.464334	0.478466	0.445491	0.232840	0.253028	0.193809	0.248318	0.233513	0.288022	0.257066	0.179004	0.213997	0.213324	0.151413	0.203903	0.257066	0.187752	0.193809	0.222746	0.269852	0.240915	0.188425	0.229475	0.000000	0.230148	0.207268	0.263122	0.244280	0.232840	0.185734	0.237550	0.228129	0.246972	0.198520	0.179004	0.203230	0.165545	0.207941	0.242261	0.283311	0.195155	0.227456	0.217362	0.141992	0.197847	0.185061	0.195155	0.224092	0.157470	0.256393	0.219381	0.245626	0.244953	0.209287	0.163526	0.211306	0.236878	0.221400	0.302153	0.189098	0.219381
273179	 0.446164	0.440781	0.446164	0.168237	0.209960	0.210633	0.186406	0.186406	0.270525	0.239569	0.174293	0.230148	0.231494	0.237550	0.184388	0.192463	0.178331	0.189098	0.232840	0.163526	0.107672	0.245626	0.045760	0.230148	0.000000	0.190444	0.188425	0.069987	0.043069	0.243607	0.168237	0.209960	0.175639	0.210633	0.235532	0.222073	0.199865	0.198520	0.233513	0.196501	0.179677	0.230821	0.197174	0.197174	0.199865	0.209960	0.217362	0.266487	0.209287	0.244953	0.253701	0.145357	0.195828	0.151413	0.162853	0.160162	0.234186	0.261777	0.203903	0.221400	0.179004
260976	 0.471063	0.442127	0.434724	0.195155	0.231494	0.207941	0.218708	0.181023	0.312248	0.263122	0.189098	0.236878	0.243607	0.239569	0.155451	0.231494	0.181023	0.212651	0.263122	0.231494	0.192463	0.257739	0.189098	0.207268	0.190444	0.000000	0.234859	0.198520	0.195155	0.242261	0.262450	0.255047	0.212651	0.226783	0.244280	0.216689	0.191117	0.244280	0.213324	0.256393	0.202557	0.253028	0.242934	0.211306	0.212651	0.233513	0.225437	0.244953	0.158143	0.288022	0.264468	0.210633	0.247645	0.172948	0.172275	0.176312	0.253701	0.240915	0.271198	0.242934	0.236205
208595	 0.445491	0.421265	0.442127	0.193809	0.168910	0.245626	0.201884	0.201211	0.242934	0.193809	0.185734	0.251009	0.152759	0.255720	0.251009	0.222746	0.239569	0.251682	0.264468	0.201211	0.172948	0.257066	0.180350	0.263122	0.188425	0.234859	0.000000	0.184388	0.176312	0.256393	0.272544	0.265141	0.208614	0.236205	0.250336	0.253701	0.241588	0.242261	0.247645	0.162853	0.251682	0.248991	0.253701	0.216016	0.266487	0.234859	0.267160	0.306864	0.234186	0.207941	0.213324	0.191790	0.231494	0.206595	0.181023	0.198520	0.179004	0.298789	0.191790	0.235532	0.240915
197222	 0.444145	0.421938	0.446164	0.168910	0.207941	0.211978	0.179677	0.181023	0.280619	0.248991	0.163526	0.235532	0.242934	0.241588	0.190444	0.189098	0.193136	0.203903	0.231494	0.152759	0.119785	0.248991	0.074024	0.244280	0.069987	0.198520	0.184388	0.000000	0.065949	0.257739	0.163526	0.209960	0.172275	0.216689	0.246299	0.224092	0.205249	0.208614	0.240242	0.209287	0.187752	0.237550	0.189771	0.200538	0.208614	0.209287	0.216689	0.268506	0.219381	0.255720	0.256393	0.141992	0.213997	0.160162	0.168910	0.160162	0.235532	0.261104	0.216016	0.228129	0.187079
188674	 0.446837	0.438089	0.440781	0.160834	0.217362	0.209960	0.183042	0.183715	0.274563	0.237550	0.168910	0.233513	0.220727	0.224764	0.191117	0.184388	0.183042	0.193136	0.221400	0.160834	0.102961	0.243607	0.042396	0.232840	0.043069	0.195155	0.176312	0.065949	0.000000	0.240915	0.165545	0.212651	0.166891	0.211978	0.236878	0.218035	0.205249	0.199192	0.228129	0.197174	0.177658	0.227456	0.186406	0.195155	0.193136	0.209287	0.213997	0.267833	0.210633	0.251009	0.253028	0.141319	0.197174	0.154778	0.152759	0.147376	0.228802	0.253028	0.204576	0.213324	0.176312
166838	 0.458277	0.485195	0.460969	0.228129	0.279273	0.196501	0.251009	0.247645	0.272544	0.230821	0.199192	0.204576	0.226110	0.124495	0.248318	0.267160	0.226110	0.203230	0.218035	0.279946	0.244953	0.176312	0.241588	0.185734	0.243607	0.242261	0.256393	0.257739	0.240915	0.000000	0.208614	0.200538	0.254374	0.181696	0.096231	0.211978	0.185061	0.205922	0.257066	0.292059	0.206595	0.224092	0.203230	0.148721	0.216689	0.176985	0.210633	0.263795	0.154778	0.249664	0.198520	0.243607	0.232840	0.244280	0.173620	0.233513	0.222073	0.191117	0.310229	0.060565	0.205249
164216	 0.452221	0.514132	0.480485	0.257739	0.292059	0.187079	0.267833	0.275236	0.269179	0.242934	0.265141	0.232840	0.253701	0.176985	0.229475	0.287349	0.210633	0.191790	0.216016	0.252355	0.205249	0.223419	0.164199	0.237550	0.168237	0.262450	0.272544	0.163526	0.165545	0.208614	0.000000	0.145357	0.264468	0.182369	0.213324	0.239569	0.203230	0.169583	0.288694	0.290040	0.186406	0.220054	0.158143	0.187752	0.206595	0.188425	0.192463	0.240915	0.266487	0.242934	0.214670	0.236878	0.213324	0.236878	0.220727	0.234186	0.227456	0.195828	0.287349	0.211978	0.155451
146154	 0.451548	0.506729	0.471736	0.244280	0.300135	0.166891	0.263795	0.251682	0.270525	0.238223	0.240242	0.213324	0.248991	0.170929	0.202557	0.273217	0.150067	0.121131	0.202557	0.203230	0.199865	0.206595	0.218708	0.228129	0.209960	0.255047	0.265141	0.209960	0.212651	0.200538	0.145357	0.000000	0.256393	0.183715	0.204576	0.233513	0.205249	0.140646	0.273890	0.297443	0.159489	0.203230	0.159489	0.193136	0.189771	0.176985	0.164199	0.219381	0.244280	0.246972	0.216016	0.218708	0.210633	0.151413	0.220727	0.216016	0.234186	0.176985	0.308210	0.203230	0.140646
144260	 0.473755	0.405787	0.454240	0.162180	0.218035	0.240915	0.160162	0.152759	0.305518	0.281292	0.172275	0.216016	0.243607	0.242934	0.214670	0.081427	0.203903	0.213324	0.240915	0.181023	0.160834	0.277927	0.169583	0.246972	0.175639	0.212651	0.208614	0.172275	0.166891	0.254374	0.264468	0.256393	0.000000	0.238896	0.263122	0.228802	0.226783	0.233513	0.244953	0.234186	0.218708	0.257066	0.238896	0.227456	0.212651	0.244280	0.221400	0.281965	0.218035	0.279946	0.264468	0.141992	0.249664	0.172948	0.172275	0.197847	0.281965	0.255047	0.239569	0.253028	0.241588
106543	 0.422611	0.491252	0.447510	0.169583	0.267160	0.150740	0.236878	0.226783	0.246972	0.207268	0.205249	0.195828	0.231494	0.163526	0.231494	0.257739	0.199865	0.185061	0.173620	0.244280	0.201211	0.181023	0.205249	0.198520	0.210633	0.226783	0.236205	0.216689	0.211978	0.181696	0.182369	0.183715	0.238896	0.000000	0.167564	0.194482	0.103634	0.167564	0.259758	0.253701	0.193136	0.189771	0.170929	0.141992	0.199865	0.080754	0.179004	0.231494	0.207268	0.222073	0.209960	0.228129	0.200538	0.218708	0.170256	0.198520	0.199865	0.210633	0.272544	0.155451	0.163526
100149	 0.442799	0.502692	0.472409	0.244280	0.292059	0.182369	0.267160	0.256393	0.259085	0.216689	0.207268	0.207268	0.240915	0.152086	0.261104	0.277927	0.232167	0.212651	0.199865	0.267833	0.237550	0.169583	0.230148	0.179004	0.235532	0.244280	0.250336	0.246299	0.236878	0.096231	0.213324	0.204576	0.263122	0.167564	0.000000	0.218708	0.189771	0.195828	0.272544	0.286003	0.215343	0.206595	0.197174	0.134590	0.234186	0.166891	0.222073	0.269179	0.158816	0.243607	0.213997	0.264468	0.228129	0.253701	0.164872	0.211978	0.213997	0.223419	0.290040	0.088829	0.188425
11136	0.465680	0.476447	0.440108	0.211306	0.248318	0.197847	0.248991	0.228129	0.273217	0.230821	0.211306	0.210633	0.196501	0.206595	0.226110	0.235532	0.198520	0.189098	0.226783	0.261104	0.236878	0.222746	0.228802	0.203230	0.222073	0.216689	0.253701	0.224092	0.218035	0.211978	0.239569	0.233513	0.228802	0.194482	0.218708	0.000000	0.162180	0.222746	0.242261	0.257066	0.178331	0.235532	0.220054	0.188425	0.209960	0.192463	0.214670	0.263122	0.218035	0.259758	0.216689	0.239569	0.242934	0.226110	0.202557	0.211978	0.240242	0.242261	0.280619	0.206595	0.207941
5364	 0.451548	0.468371	0.432032	0.134590	0.242261	0.171602	0.211306	0.203230	0.273890	0.230148	0.179677	0.177658	0.205922	0.150740	0.199865	0.229475	0.180350	0.157470	0.214670	0.232840	0.206595	0.198520	0.197847	0.165545	0.199865	0.191117	0.241588	0.205249	0.205249	0.185061	0.203230	0.205249	0.226783	0.103634	0.189771	0.162180	0.000000	0.185734	0.230821	0.259085	0.162853	0.207941	0.194482	0.144011	0.187752	0.091521	0.173620	0.233513	0.176985	0.251682	0.210633	0.201211	0.222746	0.193136	0.144684	0.183715	0.217362	0.211978	0.273217	0.188425	0.178331
698164	 0.437416	0.493943	0.448183	0.226110	0.283984	0.135935	0.228802	0.233513	0.254374	0.221400	0.230148	0.187079	0.230821	0.176312	0.197847	0.238223	0.174966	0.146030	0.167564	0.228129	0.184388	0.197174	0.201211	0.207941	0.198520	0.244280	0.242261	0.208614	0.199192	0.205922	0.169583	0.140646	0.233513	0.167564	0.195828	0.222746	0.185734	0.000000	0.255047	0.277254	0.161507	0.178331	0.154778	0.162180	0.185734	0.158143	0.124495	0.205249	0.238223	0.223419	0.205249	0.201884	0.190444	0.201211	0.190444	0.195155	0.216016	0.191790	0.281292	0.184388	0.127860
1920715	0.478466	0.458277	0.427995	0.236205	0.246972	0.251682	0.238896	0.234186	0.318304	0.269852	0.222073	0.249664	0.239569	0.259085	0.209960	0.257066	0.194482	0.225437	0.267160	0.261104	0.241588	0.281292	0.234859	0.242261	0.233513	0.213324	0.247645	0.240242	0.228129	0.257066	0.288694	0.273890	0.244953	0.259758	0.272544	0.242261	0.230821	0.255047	0.000000	0.290713	0.222073	0.238223	0.278600	0.250336	0.238223	0.253701	0.238223	0.293405	0.213997	0.292732	0.276581	0.230148	0.269852	0.210633	0.216016	0.232167	0.266487	0.256393	0.298789	0.265814	0.267160
2034243	0.453567	0.435397	0.453567	0.222073	0.182369	0.277927	0.231494	0.235532	0.226110	0.224092	0.216016	0.275236	0.221400	0.288022	0.263122	0.248991	0.278600	0.279946	0.280619	0.226110	0.193136	0.286003	0.197847	0.283311	0.196501	0.256393	0.162853	0.209287	0.197174	0.292059	0.290040	0.297443	0.234186	0.253701	0.286003	0.257066	0.259085	0.277254	0.290713	0.000000	0.269179	0.285330	0.263122	0.246299	0.279946	0.254374	0.300135	0.333109	0.265814	0.201884	0.251682	0.239569	0.232840	0.236878	0.215343	0.226783	0.220727	0.318977	0.167564	0.262450	0.265141
2263183	0.442127	0.462315	0.422611	0.205249	0.246299	0.185061	0.215343	0.209287	0.266487	0.233513	0.198520	0.183042	0.193136	0.199865	0.129206	0.229475	0.146703	0.127187	0.212651	0.215343	0.164872	0.222746	0.184388	0.195155	0.179677	0.202557	0.251682	0.187752	0.177658	0.206595	0.186406	0.159489	0.218708	0.193136	0.215343	0.178331	0.162853	0.161507	0.222073	0.269179	0.000000	0.220727	0.160162	0.181023	0.147376	0.178331	0.164199	0.197847	0.211978	0.239569	0.211978	0.172948	0.201884	0.164199	0.193136	0.205249	0.233513	0.204576	0.282638	0.211306	0.143338
2678325	0.430686	0.491252	0.446164	0.241588	0.286676	0.167564	0.234859	0.257066	0.256393	0.229475	0.234859	0.212651	0.230148	0.209960	0.259758	0.278600	0.220054	0.203230	0.187079	0.246299	0.216689	0.216689	0.230821	0.227456	0.230821	0.253028	0.248991	0.237550	0.227456	0.224092	0.220054	0.203230	0.257066	0.189771	0.206595	0.235532	0.207941	0.178331	0.238223	0.285330	0.220727	0.000000	0.197847	0.183715	0.230148	0.187752	0.196501	0.258412	0.251682	0.236878	0.220727	0.241588	0.205249	0.240915	0.211306	0.203903	0.224764	0.228802	0.288022	0.197174	0.184388
847142	 0.430686	0.483849	0.448183	0.233513	0.273890	0.166891	0.246972	0.251009	0.242934	0.211978	0.230821	0.195828	0.224764	0.195828	0.199192	0.259085	0.194482	0.175639	0.185061	0.231494	0.152759	0.202557	0.197847	0.217362	0.197174	0.242934	0.253701	0.189771	0.186406	0.203230	0.158143	0.159489	0.238896	0.170929	0.197174	0.220054	0.194482	0.154778	0.278600	0.263122	0.160162	0.197847	0.000000	0.172948	0.172275	0.162853	0.175639	0.211978	0.236878	0.215343	0.218708	0.206595	0.168237	0.218035	0.201884	0.213324	0.213997	0.205249	0.270525	0.181023	0.130552
779409	 0.442127	0.484522	0.450875	0.199192	0.254374	0.144011	0.219381	0.205922	0.258412	0.203903	0.163526	0.185061	0.215343	0.106999	0.224092	0.243607	0.198520	0.179677	0.188425	0.229475	0.193136	0.144684	0.190444	0.141992	0.197174	0.211306	0.216016	0.200538	0.195155	0.148721	0.187752	0.193136	0.227456	0.141992	0.134590	0.188425	0.144011	0.162180	0.250336	0.246299	0.181023	0.183715	0.172948	0.000000	0.195155	0.138627	0.189771	0.247645	0.181023	0.229475	0.218035	0.220054	0.201884	0.209287	0.105653	0.172948	0.190444	0.211978	0.268506	0.131225	0.171602
2963287	0.446837	0.470390	0.429341	0.223419	0.251009	0.199865	0.233513	0.225437	0.281292	0.253701	0.222746	0.181696	0.207941	0.202557	0.161507	0.233513	0.151413	0.154105	0.224764	0.242934	0.189098	0.251009	0.207268	0.197847	0.199865	0.212651	0.266487	0.208614	0.193136	0.216689	0.206595	0.189771	0.212651	0.199865	0.234186	0.209960	0.187752	0.185734	0.238223	0.279946	0.147376	0.230148	0.172275	0.195155	0.000000	0.204576	0.152759	0.170929	0.211306	0.251009	0.236205	0.200538	0.207941	0.176985	0.203230	0.218708	0.248318	0.195828	0.290713	0.216016	0.155451
3148512	0.434724	0.486541	0.458277	0.179677	0.261777	0.148048	0.234859	0.231494	0.240242	0.191117	0.184388	0.207268	0.222073	0.153432	0.218708	0.257066	0.198520	0.183715	0.174293	0.236205	0.202557	0.173620	0.209960	0.185061	0.209960	0.233513	0.234859	0.209287	0.209287	0.176985	0.188425	0.176985	0.244280	0.080754	0.166891	0.192463	0.091521	0.158143	0.253701	0.254374	0.178331	0.187752	0.162853	0.138627	0.204576	0.000000	0.176985	0.240242	0.211978	0.209960	0.206595	0.232840	0.191790	0.220727	0.165545	0.196501	0.193809	0.209287	0.276581	0.156797	0.143338
3183891	0.431359	0.469044	0.427322	0.217362	0.267160	0.167564	0.216689	0.220054	0.268506	0.254374	0.227456	0.179677	0.222073	0.183042	0.171602	0.241588	0.148721	0.144684	0.181696	0.236205	0.201884	0.224764	0.219381	0.195155	0.217362	0.225437	0.267160	0.216689	0.213997	0.210633	0.192463	0.164199	0.221400	0.179004	0.222073	0.214670	0.173620	0.124495	0.238223	0.300135	0.164199	0.196501	0.175639	0.189771	0.152759	0.176985	0.000000	0.192463	0.211306	0.253028	0.210633	0.181696	0.206595	0.166218	0.200538	0.204576	0.238896	0.166891	0.292732	0.212651	0.153432
1136782	0.475774	0.500000	0.456931	0.269852	0.298116	0.223419	0.273890	0.285330	0.300135	0.288022	0.275908	0.244953	0.271198	0.236878	0.176312	0.298116	0.202557	0.200538	0.253028	0.292732	0.247645	0.271198	0.269179	0.224092	0.266487	0.244953	0.306864	0.268506	0.267833	0.263795	0.240915	0.219381	0.281965	0.231494	0.269179	0.263122	0.233513	0.205249	0.293405	0.333109	0.197847	0.258412	0.211978	0.247645	0.170929	0.240242	0.192463	0.000000	0.242261	0.287349	0.251009	0.245626	0.249664	0.224092	0.253028	0.264468	0.285330	0.221400	0.334455	0.253701	0.192463
646961	 0.471736	0.456258	0.448183	0.189771	0.233513	0.220054	0.220054	0.205922	0.295424	0.265141	0.176312	0.216689	0.236878	0.185061	0.168237	0.228802	0.170256	0.201884	0.244953	0.239569	0.204576	0.217362	0.204576	0.157470	0.209287	0.158143	0.234186	0.219381	0.210633	0.154778	0.266487	0.244280	0.218035	0.207268	0.158816	0.218035	0.176985	0.238223	0.213997	0.265814	0.211978	0.251682	0.236878	0.181023	0.211306	0.211978	0.211306	0.242261	0.000000	0.276581	0.248318	0.211306	0.261104	0.183715	0.143338	0.193136	0.247645	0.227456	0.277927	0.165545	0.229475
3906666	0.437416	0.482503	0.468371	0.283984	0.230821	0.230821	0.280619	0.281292	0.161507	0.168237	0.264468	0.248991	0.185061	0.249664	0.269852	0.288694	0.265141	0.255047	0.231494	0.267160	0.244280	0.246972	0.251682	0.256393	0.244953	0.288022	0.207941	0.255720	0.251009	0.249664	0.242934	0.246972	0.279946	0.222073	0.243607	0.259758	0.251682	0.223419	0.292732	0.201884	0.239569	0.236878	0.215343	0.229475	0.251009	0.209960	0.253028	0.287349	0.276581	0.000000	0.194482	0.279273	0.177658	0.276581	0.248318	0.255047	0.175639	0.272544	0.211978	0.228802	0.217362
822879	 0.436070	0.468371	0.448183	0.257066	0.220054	0.213997	0.263795	0.254374	0.214670	0.180350	0.238223	0.228802	0.162853	0.206595	0.250336	0.279946	0.229475	0.213324	0.220727	0.279273	0.246972	0.237550	0.249664	0.219381	0.253701	0.264468	0.213324	0.256393	0.253028	0.198520	0.214670	0.216016	0.264468	0.209960	0.213997	0.216689	0.210633	0.205249	0.276581	0.251682	0.211978	0.220727	0.218708	0.218035	0.236205	0.206595	0.210633	0.251009	0.248318	0.194482	0.000000	0.254374	0.204576	0.246299	0.222073	0.238896	0.175639	0.216016	0.253701	0.226110	0.209287
4164932	0.462315	0.403096	0.435397	0.134590	0.213997	0.228129	0.146030	0.153432	0.302826	0.274563	0.160834	0.205249	0.234186	0.232840	0.177658	0.151413	0.156124	0.164872	0.242261	0.157470	0.120458	0.268506	0.141319	0.245626	0.145357	0.210633	0.191790	0.141992	0.141319	0.243607	0.236878	0.218708	0.141992	0.228129	0.264468	0.239569	0.201211	0.201884	0.230148	0.239569	0.172948	0.241588	0.206595	0.220054	0.200538	0.232840	0.181696	0.245626	0.211306	0.279273	0.254374	0.000000	0.230148	0.133917	0.162853	0.176985	0.266487	0.248318	0.248318	0.246299	0.201211
4314491	0.434724	0.489906	0.456258	0.255047	0.256393	0.198520	0.263122	0.261104	0.215343	0.186406	0.253028	0.221400	0.211306	0.223419	0.234186	0.259758	0.244280	0.220054	0.202557	0.250336	0.189098	0.221400	0.202557	0.244953	0.195828	0.247645	0.231494	0.213997	0.197174	0.232840	0.213324	0.210633	0.249664	0.200538	0.228129	0.242934	0.222746	0.190444	0.269852	0.232840	0.201884	0.205249	0.168237	0.201884	0.207941	0.191790	0.206595	0.249664	0.261104	0.177658	0.204576	0.230148	0.000000	0.242261	0.223419	0.223419	0.194482	0.247645	0.263122	0.211306	0.152759
4378332	0.457604	0.422611	0.415209	0.155451	0.194482	0.212651	0.174293	0.160162	0.303499	0.279273	0.156797	0.207268	0.232840	0.226783	0.146030	0.191790	0.109690	0.129206	0.250336	0.135262	0.136608	0.249664	0.156124	0.209287	0.151413	0.172948	0.206595	0.160162	0.154778	0.244280	0.236878	0.151413	0.172948	0.218708	0.253701	0.226110	0.193136	0.201211	0.210633	0.236878	0.164199	0.240915	0.218035	0.209287	0.176985	0.220727	0.166218	0.224092	0.183715	0.276581	0.246299	0.133917	0.242261	0.000000	0.161507	0.169583	0.262450	0.222073	0.246299	0.239569	0.189098
4387271	0.436070	0.427322	0.419919	0.140646	0.204576	0.171602	0.172275	0.162180	0.266487	0.232840	0.107672	0.187079	0.214670	0.101615	0.189771	0.191790	0.179004	0.188425	0.204576	0.192463	0.156797	0.191117	0.149394	0.163526	0.162853	0.172275	0.181023	0.168910	0.152759	0.173620	0.220727	0.220727	0.172275	0.170256	0.164872	0.202557	0.144684	0.190444	0.216016	0.215343	0.193136	0.211306	0.201884	0.105653	0.203230	0.165545	0.200538	0.253028	0.143338	0.248318	0.222073	0.162853	0.223419	0.161507	0.000000	0.138627	0.213324	0.228802	0.228129	0.169583	0.199865
4397763	0.458277	0.446164	0.448856	0.166218	0.218708	0.158816	0.190444	0.162180	0.276581	0.242261	0.156797	0.220727	0.229475	0.207941	0.205249	0.201211	0.182369	0.197174	0.211978	0.185061	0.155451	0.223419	0.150067	0.211306	0.160162	0.176312	0.198520	0.160162	0.147376	0.233513	0.234186	0.216016	0.197847	0.198520	0.211978	0.211978	0.183715	0.195155	0.232167	0.226783	0.205249	0.203903	0.213324	0.172948	0.218708	0.196501	0.204576	0.264468	0.193136	0.255047	0.238896	0.176985	0.223419	0.169583	0.138627	0.000000	0.231494	0.246972	0.228802	0.204576	0.198520
4431405	0.422611	0.482503	0.441454	0.264468	0.224764	0.207941	0.269179	0.272544	0.210633	0.115747	0.243607	0.241588	0.163526	0.219381	0.269179	0.289367	0.248318	0.232840	0.226110	0.264468	0.240242	0.200538	0.226110	0.236878	0.234186	0.253701	0.179004	0.235532	0.228802	0.222073	0.227456	0.234186	0.281965	0.199865	0.213997	0.240242	0.217362	0.216016	0.266487	0.220727	0.233513	0.224764	0.213997	0.190444	0.248318	0.193809	0.238896	0.285330	0.247645	0.175639	0.175639	0.266487	0.194482	0.262450	0.213324	0.231494	0.000000	0.258412	0.245626	0.201211	0.203903
4439229	0.469044	0.502692	0.465680	0.251682	0.289367	0.193809	0.209287	0.246299	0.295424	0.267833	0.255720	0.203903	0.259085	0.172948	0.217362	0.280619	0.197174	0.197174	0.216689	0.296097	0.252355	0.245626	0.255720	0.221400	0.261777	0.240915	0.298789	0.261104	0.253028	0.191117	0.195828	0.176985	0.255047	0.210633	0.223419	0.242261	0.211978	0.191790	0.256393	0.318977	0.204576	0.228802	0.205249	0.211978	0.195828	0.209287	0.166891	0.221400	0.227456	0.272544	0.216016	0.248318	0.247645	0.222073	0.228802	0.246972	0.258412	0.000000	0.326380	0.220727	0.206595
4448694	0.466353	0.449529	0.465007	0.237550	0.203903	0.281965	0.243607	0.251009	0.157470	0.246299	0.235532	0.277927	0.247645	0.309556	0.271198	0.258412	0.281292	0.284657	0.285330	0.249664	0.207941	0.300808	0.196501	0.302153	0.203903	0.271198	0.191790	0.216016	0.204576	0.310229	0.287349	0.308210	0.239569	0.272544	0.290040	0.280619	0.273217	0.281292	0.298789	0.167564	0.282638	0.288022	0.270525	0.268506	0.290713	0.276581	0.292732	0.334455	0.277927	0.211978	0.253701	0.248318	0.263122	0.246299	0.228129	0.228802	0.245626	0.326380	0.000000	0.282638	0.275236
4468812	0.440108	0.485868	0.460969	0.220054	0.279273	0.167564	0.259085	0.254374	0.250336	0.213997	0.204576	0.209287	0.231494	0.152759	0.256393	0.265814	0.228129	0.211978	0.193136	0.246972	0.218035	0.152086	0.217362	0.189098	0.221400	0.242934	0.235532	0.228129	0.213324	0.060565	0.211978	0.203230	0.253028	0.155451	0.088829	0.206595	0.188425	0.184388	0.265814	0.262450	0.211306	0.197174	0.181023	0.131225	0.216016	0.156797	0.212651	0.253701	0.165545	0.228802	0.226110	0.246299	0.211306	0.239569	0.169583	0.204576	0.201211	0.220727	0.282638	0.000000	0.185061
4472218	0.426649	0.494616	0.453567	0.216016	0.270525	0.154105	0.245626	0.241588	0.240915	0.206595	0.220727	0.200538	0.215343	0.187079	0.179004	0.247645	0.175639	0.145357	0.188425	0.211306	0.164199	0.203230	0.181696	0.219381	0.179004	0.236205	0.240915	0.187079	0.176312	0.205249	0.155451	0.140646	0.241588	0.163526	0.188425	0.207941	0.178331	0.127860	0.267160	0.265141	0.143338	0.184388	0.130552	0.171602	0.155451	0.143338	0.153432	0.192463	0.229475	0.217362	0.209287	0.201211	0.152759	0.189098	0.199865	0.198520	0.203903	0.206595	0.275236	0.185061	0.000000