Taxon1	Taxon2	Taxon3	Taxon4	Taxon5	Taxon6	Taxon7
Taxon1	0.000000	0.578947	0.473684	0.526316	0.578947	0.631579	0.684211
Taxon2	0.578947	0.000000	0.105263	0.526316	0.526316	0.368421	0.421053
Taxon3	0.473684	0.105263	0.000000	0.473684	0.473684	0.315789	0.368421
Taxon4	0.526316	0.526316	0.473684	0.000000	0.157895	0.368421	0.421053
Taxon5	0.578947	0.526316	0.473684	0.157895	0.000000	0.368421	0.421053
Taxon6	0.631579	0.368421	0.315789	0.368421	0.368421	0.000000	0.052632
Taxon7	0.684211	0.421053	0.368421	0.421053	0.421053	0.052632	0.000000